0.0000016055
0.0000011800
0.0000010946
0.0000011018
0.0000012114
0.0000012112
0.0000011279
0.0000011378
0.0000011390
0.0000011176
0.0000011449
0.0000011385
0.0000011673
0.0000011903
0.0000011684
0.0000011614
0.0000011835
0.0000011869
0.0000012087
0.0000012191
0.0000012241
0.0000012227
0.0000012392
0.0000012220
0.0000012646
0.0000012974
0.0000012997
0.0000012989
0.0000013167
0.0000013367
0.0000013360
0.0000013371
0.0000013460
0.0000013282
0.0000013776
0.0000013517
0.0000015978
0.0000014051
0.0000014170
0.0000014039
0.0000016850
0.0000015443
0.0000015533
0.0000014649
0.0000015001
0.0000014826
0.0000015018
0.0000015148
0.0000015164
0.0000015730
0.0000016375
0.0000015545
0.0000016013
0.0000015758
0.0000016360
0.0000016357
0.0000016560
0.0000016407
0.0000017229
0.0000016859
0.0000017665
0.0000017664
0.0000017872
0.0000018502
0.0000018242
0.0000018542
0.0000018747
0.0000019363
0.0000019253
0.0000019684
0.0000020047
0.0000019836
0.0000020817
0.0000020783
0.0000020848
0.0000021290
0.0000021825
0.0000021539
0.0000022274
0.0000022266
0.0000022996
0.0000023245
0.0000023315
0.0000023373
0.0000024407
0.0000024327
0.0000024678
0.0000025117
0.0000025289
0.0000025835
0.0000026391
0.0000026358
0.0000026673
0.0000026810
0.0000027640
0.0000027901
0.0000028706
0.0000028663
0.0000029264
0.0000029247
