0.0000011699
0.0000006624
0.0000005926
0.0000005445
0.0000007074
0.0000005535
0.0000005665
0.0000005927
0.0000006151
0.0000005653
0.0000005924
0.0000005710
0.0000005808
0.0000005981
0.0000005793
0.0000005842
0.0000005935
0.0000006141
0.0000006106
0.0000006191
0.0000006534
0.0000006408
0.0000006166
0.0000006265
0.0000006265
0.0000006450
0.0000006585
0.0000006614
0.0000006761
0.0000006658
0.0000006844
0.0000006748
0.0000006811
0.0000006909
0.0000006739
0.0000006961
0.0000007028
0.0000007222
0.0000007321
0.0000007271
0.0000007129
0.0000007430
0.0000007395
0.0000007576
0.0000007659
0.0000007581
0.0000007690
0.0000007587
0.0000007571
0.0000007851
0.0000007940
0.0000008046
0.0000008026
0.0000008002
0.0000008240
0.0000008447
0.0000008582
0.0000008597
0.0000008717
0.0000008714
0.0000009054
0.0000009059
0.0000008933
0.0000009281
0.0000009424
0.0000009440
0.0000009784
0.0000009765
0.0000009846
0.0000009905
0.0000010209
0.0000010224
0.0000010403
0.0000010561
0.0000010810
0.0000011046
0.0000011183
0.0000011472
0.0000011316
0.0000011649
0.0000011832
0.0000011876
0.0000011965
0.0000012334
0.0000012174
0.0000012516
0.0000012749
0.0000013096
0.0000013248
0.0000013294
0.0000013656
0.0000013801
0.0000014097
0.0000014757
0.0000014559
0.0000014788
0.0000015216
0.0000015136
0.0000015683
0.0000015925
