0.0000007675
0.0000005890
0.0000005604
0.0000005506
0.0000006400
0.0000005754
0.0000005743
0.0000005814
0.0000005780
0.0000005916
0.0000005889
0.0000005949
0.0000005902
0.0000005891
0.0000006053
0.0000006025
0.0000005897
0.0000006073
0.0000006079
0.0000005966
0.0000006062
0.0000006271
0.0000006370
0.0000006218
0.0000006517
0.0000006427
0.0000006460
0.0000006534
0.0000006523
0.0000008587
0.0000006621
0.0000008213
0.0000006656
0.0000006690
0.0000006637
0.0000006833
0.0000007215
0.0000006850
0.0000007297
0.0000007032
0.0000007116
0.0000007292
0.0000007277
0.0000008195
0.0000007538
0.0000007449
0.0000007263
0.0000007528
0.0000007644
0.0000007885
0.0000007647
0.0000007944
0.0000008317
0.0000008070
0.0000008142
0.0000008261
0.0000008549
0.0000008806
0.0000008563
0.0000008694
0.0000008965
0.0000009090
0.0000009111
0.0000009219
0.0000009588
0.0000010653
0.0000009517
0.0000009803
0.0000009911
0.0000010047
0.0000010332
0.0000010395
0.0000010544
0.0000010746
0.0000011139
0.0000011067
0.0000011423
0.0000011329
0.0000011433
0.0000011489
0.0000011787
0.0000012011
0.0000012210
0.0000012258
0.0000013731
0.0000012556
0.0000012836
0.0000013074
0.0000013257
0.0000013319
0.0000013565
0.0000013929
0.0000015147
0.0000014167
0.0000014889
0.0000014550
0.0000014990
0.0000015676
0.0000015366
0.0000015516
