5000
5274
5564
5870
6193
6534
6893
7272
7672
8093
8538
9008
9503
10025
10577
11158
11772
12419
13102
13822
14582
15383
16229
17121
18063
19056
20103
21209
22375
23605
24903
26272
27716
29240
30847
32543
34332
36220
38211
40312
42528
44866
47333
49935
52680
55576
58632
61855
65256
68843
72628
76621
80833
85277
89965
94911
100129
105634
111441
117568
124031
130850
138044
145633
153640
162086
170997
180398
190316
200778
211817
223461
235747
248707
262380
276805
292023
308077
325014
342882
361733
381619
402599
424733
448083
472717
498705
526122
555047
585561
617753
651715
687544
725343
765220
807289
851670
898492
947888
1000000
